20
20 20
5 8
1
3 10
20 20
7 2
1
8 2
20 20
2 15
2
14 19
13 8
20 20
12 15
2
12 16
10 12
20 20
13 4
3
2 1
7 19
8 9
20 20
1 7
3
5 3
10 12
19 15
20 20
3 16
4
17 7
17 14
13 8
13 1
20 20
16 7
4
1 15
14 19
18 14
4 16
20 20
17 18
5
17 7
8 1
6 2
8 15
14 14
20 20
12 12
5
19 7
6 2
10 11
14 4
17 3
20 20
17 17
6
4 10
11 17
17 1
17 10
9 5
15 9
20 20
7 1
6
11 1
7 19
3 1
2 19
6 5
14 12
20 20
2 7
7
2 17
11 11
14 15
19 18
8 3
14 1
3 17
20 20
14 19
7
14 7
6 10
9 10
9 13
5 13
16 5
16 4
20 20
12 4
8
5 10
12 18
11 15
1 16
4 9
18 9
6 19
10 4
20 20
2 15
8
2 5
9 3
12 4
8 2
1 16
15 1
9 5
17 8
20 20
8 18
9
18 15
19 12
8 13
2 7
3 8
16 4
7 5
19 8
17 1
20 20
7 1
9
10 4
6 3
8 4
15 5
11 5
16 16
4 12
9 2
10 16
20 20
11 7
10
14 9
13 11
19 16
12 12
15 3
18 3
5 14
19 10
4 18
17 18
20 20
9 8
10
18 12
1 13
14 19
6 16
16 8
15 6
16 5
18 15
15 11
5 10
