52 0.120894199999384
56 3.0463089999993826
44 0.3364334999987477
60 0.14229549999981828
62 1.2318242000001192
66 0.020104199998968397
54 0.054582099999606726
48 0.0012427999990904937
44 0.0004315999995014863
44 0.00025749999986146577
60 0.6663518999994267
54 0.0013039999994362006
56 18.515041500000734
60 2.9593905999990966
40 2.4930146999995486
50 0.011030600000594859
60 0.25585490000048594
48 0.1314249999995809
56 0.014276300000346964
56 0.0031077000003278954
70 3.92422070000066
52 0.0010844000007637078
18 0.0002896999994845828
62 0.0012526000009529525
66 0.004177199998594006
54 0.07809790000101202
46 1.403873699999167
56 0.060478899998997804
64 0.5763611000002129
62 29.418408600000475
56 0.3729563999986567
54 0.002168600000004517
70 0.39024869999957446
64 0.1865722000002279
68 0.003412699999898905
62 0.5941170000005513
44 0.0006665000000793952
66 0.7467938000008871
66 2.511938400000872
40 0.015445600000020931
32 0.007344399999055895
40 0.0020755000005010515
36 0.003940500000680913
48 0.000998999999865191
74 8.690662400000292
44 0.000635300000794814
48 0.13177189999987604
58 0.15699270000004617
34 0.0005739999996876577
74 1.9560653999997157
72 0.4691865000004327
36 0.0006381999992299825
66 0.0825790999988385
58 0.23737069999879168
54 40.63954390000072
12 0.00039090000063879415
52 0.14752369999951043
52 0.4491113000003679
44 0.02322669999921345
64 0.07062510000105249
64 0.6770168000002741
82 0.19696879999901284
22 0.0005364999997254927
46 0.0028277000001253327
74 0.2853887000001123
58 0.05298640000000887
56 0.009496700000454439
36 0.0008132000002660789
30 0.0003634000004240079
68 0.4245869999995193
42 0.008159400000295136
54 0.00726099999883445
60 11.537808799999766
62 0.0028961999996681698
72 1.9434006000010413
58 1.1852607999990141
44 0.07999720000043453
52 2.2146138999996765
56 2.6274560000001657
26 0.000681399998939014
58 0.002322199999980512
48 0.0009202999990520766
64 0.000916299999516923
32 0.0008753000001888722
46 3.9755812999992486
80 49.63451460000033
54 0.33483180000075663
82 0.06796729999950912
58 0.46150630000011006
54 0.5642076000003726
36 0.0014329000005091075
56 166.3327784000012
70 0.00312350000058359
58 5.58069179999984
84 6.111949399999503
46 0.13426419999996142
48 0.031065099999977974
48 0.008782400000200141
54 46.04960690000007
34 0.004393600000184961
58 0.6333763999991788
54 0.08831710000049497
42 0.005582799998592236
42 3.581762300000264
64 0.47118220000083966
50 0.0005800999988423428
48 4.60952510000061
36 0.00126290000116569
40 0.0020774000004166737
54 0.0009612999983801274
56 0.01798129999951925
72 0.42692210000132036
22 0.00040860000081011094
72 1.865024499998981
36 0.0015228000011120457
58 0.0022986999993008794
46 0.0020831000001635402
42 0.09428970000044501
54 0.08550499999910244
58 0.0032719999999244465
56 0.0005606000013358425
60 0.002177000000301632
42 0.0009071999993466306
50 0.3422609999997803
50 0.0010535000001254957
54 5.142114599999331
52 0.001080500000171014
94 32.33094259999962
50 0.0003558999997039791
70 2.10032769999998
42 0.04926820000036969
58 2.1924080999997386
18 0.0004442000008566538
74 8.470243499999924
66 0.2818917999993573
70 2.7398776999998518
50 0.020305199999711476
62 1.4591018999999505
34 0.0005513000014616409
60 0.7717814999996335
64 0.010907899999438087
50 0.002706400000533904
82 0.049871299999722396
40 0.02182360000006156
50 0.14398110000001907
6 0.0004668000001402106
74 0.012246000000232016
52 0.22696929999983695
58 0.2528438000008464
66 0.16740710000158288
54 0.001293300001634634
22 0.0003049000006285496
42 0.008836400000291178
18 0.0003395000003365567
54 0.663200400000278
64 3.111734300000535
42 0.011466899999504676
66 0.3920292000002519
40 0.03815719999875
46 0.06219339999915974
46 0.02817219999997178
64 0.048565299999609124
56 0.01600500000131433
54 0.006013899999743444
44 0.6284278999992239
20 0.000627199999144068
60 1.5862852000009298
40 0.09988610000073095
36 0.014234499998565298
68 0.2341792000006535
60 0.4309110000012879
48 0.0035874999994121026
78 0.05296230000021751
64 44.528080000000045
64 1.5292525999993813
64 56.718741800001226
42 2.9280702999985806
64 0.00297110000065004
44 0.0028163999995740596
50 0.02561049999894749
88 0.6411807999993471
58 0.48647470000105386
56 0.26451669999914884
56 0.0228250999989541
62 1.5366350000003877
58 2.334967400000096
48 0.0011203000012756092
70 0.05076589999953285
64 1.4321943000013562
46 0.002526100000977749
46 0.0019751999989239266
22 0.00032300000020768493
46 0.0023247000008268515
50 0.101125500001217
76 0.7579835999986244
50 0.20696959999986575
66 0.06326500000068336
62 4.6191261999993
48 0.26574059999984456
68 0.058869499998763786
64 0.35334189999957744
70 0.004716499999631196
18 0.0012105000005249167
56 0.18490709999969113
52 0.23173809999934747
20 0.0003974999999627471
50 0.020755900000949623
80 3.9169621000000916
42 0.01980360000015935
44 0.0013799999996990664
62 0.006827999999586609
56 0.03642779999972845
52 0.5237419999994017
74 0.6704713000017364
68 0.2600922999990871
30 0.001156000000264612
8 0.0003524000003380934
76 0.0819880999988527
62 0.6316025000014633
22 0.0003969999997934792
30 0.004628200000297511
64 0.3496647000010853
36 0.0009337000010418706
50 0.010539800001424737
60 0.06619039999895904
54 0.4709949999996752
60 0.0007947999984025955
44 0.045412400000714115
62 0.25343140000040876
62 1.3512864000003901
38 0.0050515000002633315
76 1.3557335999994393
46 0.0010762000001705019
74 2.147275700001046
66 0.4785018999991735
46 0.28267849999974715
78 0.1599287999997614
68 0.5930250999990676
62 0.058484999999564025
20 0.00036639999962062575
60 0.12093279999862716
48 0.04589300000043295
48 0.6544708000001265
42 0.14515860000028624
88 47.73826459999873
66 32.92827209999996
76 1.6282900999995036
56 0.3571423000012146
84 1.132578700000522
68 0.10990039999887813
52 0.0010492999990674434
90 42.85339480000039
56 0.7867696999983309
64 0.1328400000002148
46 0.007580599998618709
38 0.009248299998944276
46 0.07534970000051544
46 0.09805819999928644
40 0.005416500000137603
2 0.00033680000160529744
78 0.40683809999973164
60 0.6735679000012169
28 0.000561099999686121
40 0.0002480999992258148
56 0.09510659999978088
48 0.3732040999984747
42 0.03589219999958004
62 14.9414670999995
56 2.593186100000821
40 0.008272700000816258
62 0.07960760000059963
56 0.01123349999943457
44 0.06011189999844646
64 5.037506799999392
66 2.6098767000003136
60 0.18902040000102716
60 0.24690459999874292
72 86.64742599999954
46 11.440219199999774
16 0.0007738999993307516
44 0.011392599999453523
42 0.0056036000005406095
42 0.052610000000640866
40 0.0010937999995803693
74 6.510979300001054
52 0.13025910000033036
52 0.002988599999298458
40 0.007818600000973674
62 0.014770000001590233
24 0.001464700000724406
60 7.4297026000003825
50 0.020487499999944703
54 0.09791539999969245
42 0.0214440999989165
12 0.0007743000005575595
56 0.025313399999504327
40 0.0023249999994732207
56 0.001039300001139054
58 0.02030659999945783
62 5.8823441000004095
52 0.005490199999258039
62 1.6115391000003
74 4.870336900001348
64 0.22039530000074592
64 0.21876119999978982
52 0.0021909000006417045
38 0.04994769999939308
68 6.054818000000523
42 0.001055400000041118
64 0.04264979999970819
18 0.00027299999965180177
50 32.28789770000003
60 3.419717500000843
80 4.877073699999528
48 1.4735798999990948
48 0.0005701999998564133
40 0.0005772999993496342
60 0.028202100000271457
82 2.46854440000061
52 0.19685829999980342
44 0.0005432999987533549
62 0.3058247000008123
78 0.38153330000022834
58 0.036815699999351637
80 1.3624760000002425
54 0.15038710000044375
32 0.0006494999997812556
54 10.269941200000176
66 2.6599153999995906
56 0.371120300000257
70 2.1647861000001285
8 0.0003526999989844626
24 0.0004558000000542961
30 0.00022250000074564014
52 0.009805899999264511
36 0.0033440000006521586
64 0.0787702999987232
92 21.346331599999758
42 0.0014713999989908189
38 0.001540200000818004
24 0.001366500000585802
44 0.01174150000042573
20 0.0012889999998151325
80 27.713730400000713
30 0.001175699999294011
54 0.17193769999903452
48 0.007472100000086357
58 0.5453068999995594
56 0.26756879999993544
52 0.2894006000005902
72 0.6869789000011224
20 0.0028916999999637483
44 0.007432300000800751
54 0.055702400000882335
48 0.036068499999601045
44 0.001147000000855769
46 0.0519999000007374
50 0.001868800000011106
52 0.03508699999838427
48 0.005328500001269276
76 1.1451190000007045
44 0.000381200001356774
54 0.02316179999979795
48 0.021311399999831337
50 0.06702810000024328
64 0.1185313000005408
64 0.1436637000006158
32 0.003082699999140459
46 0.10564180000073975
44 0.11516469999878609
24 0.004356299999926705
78 178.6028705000008
38 7.498784700001124
72 0.10477509999873291
36 0.008123400000840775
46 0.31573690000004717
56 0.0615483999990829
32 0.0011178000004292699
54 0.06641700000000128
42 0.0050188000004709465
64 0.4306347999990976
76 10.213501899999756
66 0.40943309999966004
52 0.0012079000007361174
42 0.10562719999870751
52 1.8397363999993104
16 0.0003575000009732321
58 0.7805845999992016
66 0.21714590000010503
30 0.00034609999966050964
52 0.0059791000003315276
60 0.0015990000010788208
52 0.004201800000373623
66 2.1626274999998714
30 0.011660100000881357
46 0.0015810999993846053
82 3.4166437999992922
74 0.24431779999940773
48 0.000483600000734441
54 0.0529329000000871
50 0.0034413000012136763
34 0.002309699999386794
46 0.367045799999687
60 0.0018795999985741219
54 0.08771530000012717
20 0.000778000001446344
36 0.04730089999975462
40 0.009460999999646447
22 0.0011916999992536148
74 1.2639697000013257
58 0.43374170000060985
68 0.06731850000142003
72 0.0027914000002056127
48 0.0011888999997609062
66 4.470225199998822
54 0.8788485000004584
24 0.001070899999831454
54 0.006178199999339995
52 57.06211280000025
74 4.99653539999963
52 0.14605769999980112
82 0.361515499998859
58 0.27684989999943355
46 0.011052699999709148
50 0.00795500000094762
50 0.01161839999986114
44 0.0013521999990189215
34 0.006386200000633835
36 0.0010122000003320863
54 0.014970100000937236
66 0.4166562000009435
76 23.653870899999674
74 1.3169460000008257
32 0.0006209999992279336
36 0.0004619999999704305
74 12.32028790000004
72 2.700283300000592
56 0.0019995000002381857
80 2.7165626999994856
48 0.009181299999909243
58 0.019988199999716016
54 0.14954899999975169
46 0.014791699999477714
42 0.002948500001366483
60 7.466859199999817
54 0.03601340000022901
54 4.33376219999991
44 0.06527769999956945
56 0.010473100001036073
48 0.002193000000261236
28 0.009669900000517373
22 0.00027880000016011763
48 0.009498000001258333
58 2.83687700000155
42 0.0058797000001504784
34 0.0034164999997301493
68 3.004390100000819
52 0.007816299999831244
54 0.004142600000704988
50 0.05481120000149531
74 0.029514100000596954
36 0.01658780000070692
44 0.010222699998848839
68 0.7021346999990783
52 0.00773500000104832
42 0.0007041999997454695
76 9.32892030000039
44 0.047285200000260375
54 5.649734000000535
70 5.439188299998932
62 0.0056643000007170485
74 19.58466170000065
46 0.005597200000920566
74 2.9217793000007077
22 0.0003819999983534217
72 1.2102230999989843
62 0.01274109999940265
48 0.003948999999920488
64 1.5901456999999937
62 1.617772800000239
32 0.0006680999995296588
46 0.027966200001174002
52 0.0005774999990535434
72 0.0019960000008723
38 0.011683499998980551
62 0.11172439999972994
64 49.458386499998596
78 2.9529858000005333
64 1.2413772999989305
56 0.5620441000010032
46 0.001158400000349502
74 0.35988390000056825
84 3.6313728999994055
66 0.14170030000059342
68 2.957887099999425
66 1.6317118999995728
50 0.1238511000010476
42 0.019278899999335408
70 1.122562900000048
58 0.06550269999934244
