52 0.04277400000137277
56 0.8664726999995764
44 0.09704219999912311
60 0.041386599998077145
62 0.294709599998896
66 0.004757300001074327
54 0.011496999999508262
48 0.00035509999725036323
44 0.0001650000012887176
44 7.660000119358301e-05
60 0.1952662000003329
54 0.0005920000003243331
56 5.275128500001301
60 1.008917700000893
40 0.641734600001655
50 0.001748400001815753
60 0.07578920000014477
48 0.03677429999879678
56 0.00405509999836795
56 0.0003612000000430271
70 1.2015887999987171
52 0.0004726000006485265
18 8.510000043315813e-05
62 0.0004124999977648258
66 0.0014962999994168058
54 0.02452590000029886
46 0.3964308000031451
56 0.011506099999678554
64 0.18755219999729889
62 8.169112700001278
56 0.09510170000066864
54 0.0003876999981002882
70 0.09219360000133747
64 0.04433739999876707
68 0.0011360999997123145
62 0.1642001000000164
44 0.00022009999884176068
66 0.2137948999989021
66 0.7052953999991587
40 0.005675399999745423
32 0.0007916000031400472
40 0.0003667999990284443
36 0.0005927999991399702
48 0.0001726000009512063
74 2.4909268000010343
44 0.0002471000007062685
48 0.03384890000234009
58 0.041746799997781636
34 0.0001861000018834602
74 0.5964531999998144
72 0.16260930000134977
36 0.00013640000179293565
66 0.02768139999898267
58 0.08345550000012736
54 10.099960400002601
12 0.000167199999850709
52 0.028365099999064114
52 0.10493330000099377
44 0.006160700002510566
64 0.01282060000085039
64 0.14994630000001052
82 0.05055930000162334
22 9.339999814983457e-05
46 0.0007735000035609119
74 0.07057910000003176
58 0.012483400001656264
56 0.0031663999980082735
36 0.0001612999985809438
30 7.729999924777076e-05
68 0.31248580000101356
42 0.0016746000001148786
54 0.0019069000009039883
60 3.056835300001694
62 0.0008447000000160187
72 0.5263855000011972
58 0.32920020000165096
44 0.01704989999780082
52 0.638191399997595
56 0.7609091000012995
26 0.00023400000281981193
58 0.0008367000009457115
48 0.00039850000030128285
64 0.00040470000021741726
32 0.0001717000013741199
46 1.0220057999977143
80 14.339625600001455
54 0.10626119999869843
82 0.011583800001972122
58 0.11448810000001686
54 0.17462660000092
36 0.00018819999968400225
56 45.6095544000018
70 0.05214709999927436
58 1.4308195999983582
84 1.6287986999996065
46 0.038199900001927745
48 0.00902700000006007
48 0.0020585000020219013
54 18.542047900002217
34 0.05455000000074506
58 0.1839648000022862
54 0.027994600000965875
42 0.002691099998628488
42 0.962490699999762
64 0.1530237999977544
50 0.00023519999740528874
48 1.4256654000018898
36 0.0004571999998006504
40 0.0007189999996626284
54 0.0003436999977566302
56 0.004261099998984719
72 0.11744439999893075
22 9.569999747327529e-05
72 0.5309726999985287
36 0.0004183000019111205
58 0.0006642000007559545
46 0.00033540000003995374
42 0.021746700000221608
54 0.02481410000109463
58 0.0008218000002671033
56 0.00016799999866634607
60 0.0006093999982113019
42 0.0001534000002720859
50 0.08840440000130911
50 0.00037909999809926376
54 1.383893900001567
52 0.00042749999920488335
94 9.041768500002945
50 0.00017239999942830764
70 0.471562200000335
42 0.010458600001584273
58 0.5781233999987307
18 0.00016210000103455968
74 2.567783900001814
66 0.09294579999914276
70 0.7717321999989508
50 0.004638799997337628
62 0.39341200000126264
34 0.00014110000120126642
60 0.1759474999998929
64 0.0028629999978875276
50 0.00035180000122636557
82 0.0124653999992006
40 0.004938300000503659
50 0.04582420000224374
6 0.00010069999916595407
74 0.004973999999492662
52 0.056885800000600284
58 0.0710756999978912
66 0.04752509999889298
54 0.00037290000182110816
22 8.97999998414889e-05
42 0.0028728000033879653
18 8.540000271750614e-05
54 0.1860314000005019
64 0.7775074999990466
42 0.0024343000004591886
66 0.07089450000057695
40 0.0058543999984976836
46 0.008982200000900775
46 0.0036599000013666227
64 0.010551600000326289
56 0.0057328000002598856
54 0.0010287999975844286
44 0.18458839999948395
20 0.0002558999985922128
60 0.3526702999988629
40 0.004925199998979224
36 0.0016929000012169126
68 0.03302640000038082
60 0.0717530000001716
48 0.00036389999877428636
78 0.0052933999977540225
64 12.00472809999701
64 0.446074999999837
64 16.483165600002394
42 1.0090625000011642
64 0.0008945999979914632
44 0.0008147000007738825
50 0.0059834999992745
88 0.1902713000017684
58 0.14198380000016186
56 0.07800510000015493
56 0.003131800000119256
62 0.45614199999909033
58 0.6477524999972957
48 0.0004377000004751608
70 0.009938699997292133
64 0.37301730000035604
46 0.0009148999997705687
46 0.0007081999974616338
22 8.010000237845816e-05
46 0.0003526999971654732
50 0.02581830000053742
76 0.19236459999956423
50 0.06029850000049919
66 0.017508500000985805
62 1.2505979999987176
48 0.08938910000142641
68 0.016934800001763506
64 0.10818529999960447
70 0.002131499997631181
18 0.0005361000003176741
56 0.0515244000016537
52 0.07208650000029593
20 9.850000060396269e-05
50 0.0050398999992467
80 1.5009017000011227
42 0.004763899996760301
44 0.00035969999953522347
62 0.0016027000019676052
56 0.008822399999189656
52 0.14920509999865317
74 0.1432924999971874
68 0.06472389999908046
30 0.0003682999995362479
8 8.069999967119657e-05
76 0.019773300002270844
62 0.18539640000017243
22 0.00010370000018156134
30 0.0008340999993379228
64 0.11821019999842974
36 0.00018320000162930228
50 0.002696499999728985
60 0.015215899999020621
54 0.0924979000010353
60 9.4600000011269e-05
44 0.008230299998103874
62 0.06962129999737954
62 0.3790264000017487
38 0.0016792000023997389
76 0.3682249999983469
46 0.000424000001657987
74 0.6153749000004609
66 0.13510559999849647
46 0.07910810000248603
78 0.04513580000275397
68 0.13918859999830602
62 0.015969200001563877
20 8.989999696495943e-05
60 0.02932610000061686
48 0.012452599999960512
48 0.17357049999918672
42 0.035642800001369324
88 12.469209999999293
66 8.447368299999653
76 0.9150559999980032
56 0.0732661999973061
84 0.22256719999859342
68 0.017757800000254065
52 0.0001778999976522755
90 10.3416862999984
56 0.20342119999986608
64 0.039741200002026744
46 0.0026290000023436733
38 0.001893600001494633
46 0.020498800000495976
46 0.020324500001152046
40 0.00155810000069323
2 8.469999738736078e-05
78 0.11416620000090916
60 0.1762769999986631
28 0.00013939999917056412
40 8.149999848683365e-05
56 0.0196529000022565
48 0.2998552999997628
42 0.005403099999966798
62 4.166704200000822
56 0.6129607000002579
40 0.002498999998351792
62 0.017119500000262633
56 0.0015811999983270653
44 0.009778800002095522
64 1.4202427999989595
66 0.7611133999998856
60 0.05349669999850448
60 0.07107099999848288
72 20.302170300001308
46 2.4135417999968922
16 0.00018040000213659368
44 0.0016484000007039867
42 0.0005983999981253874
42 0.010094699999172008
40 0.00034330000198679045
74 1.7182384000007005
52 0.023820700000214856
52 0.0015782000009494368
40 0.0032721999996283557
62 0.003778099999180995
24 0.0003207000008842442
60 1.5087720999981684
50 0.003405800001928583
54 0.044841099999757716
42 0.004197900001599919
12 8.5299998318078e-05
56 0.005127899999934016
40 0.0006781999982194975
56 0.00033709999843267724
58 0.0023610999996890314
62 1.3187902000026952
52 0.0009859000019787345
62 0.0222349999967264
74 1.2057089999980235
64 0.049874099997396115
64 0.04722320000291802
52 0.0007103999996616039
38 0.011996400000498397
68 1.5056240999983856
42 0.0002447000006213784
64 0.006176499999128282
18 8.70000003487803e-05
50 6.829590099998313
60 0.9092037999980676
80 1.0451815999986138
48 0.3169001999995089
48 0.00021669999841833487
40 0.00015470000289496966
60 0.006340500000078464
82 0.8376267999992706
52 0.057025999998586485
44 0.0002193000000261236
62 0.08893800000078045
78 0.07762930000171764
58 0.010462899997946806
80 0.31401650000043446
54 0.044929099996807054
32 0.00017139999908977188
54 2.541313800000353
66 0.7035738000013225
56 0.09677359999841428
70 0.5776900999990175
8 0.00014899999951012433
24 0.00016519999917363748
30 8.059999890974723e-05
52 0.002809100002195919
36 0.0003499000013107434
64 0.011941900000238093
92 6.107923999999912
42 0.0002810000005410984
38 0.0001843999998527579
24 0.000179899998329347
44 0.0010395999997854233
20 0.0001253000009455718
80 7.994854399999895
30 0.0004855999977735337
54 0.04632810000111931
48 0.0018020999996224418
58 0.13077139999950305
56 0.08219610000014654
52 0.03872790000241366
72 0.20025440000244998
20 0.0009318000011262484
44 0.0024223000000347383
54 0.011617299998761155
48 0.009205700000165962
44 0.00036040000122739
46 0.013474799998220988
50 0.0006530999999085907
52 0.007894099999248283
48 0.0014200000005075708
76 0.4413356000004569
44 0.00015899999925750308
54 0.004589000000123633
48 0.003760100000363309
50 0.012538300001324387
64 0.026696400000219
64 0.03568799999993644
32 0.0007493000011891127
46 0.022972499999013962
44 0.025783199998841155
24 0.0015625000014551915
78 47.56734240000151
38 1.755229699996562
72 0.02398900000116555
36 0.0017239999979210552
46 0.09098509999967064
56 0.020770200000697514
32 0.0003749000024981797
54 0.018936299999040784
42 0.001870000000053551
64 0.09860560000015539
76 6.536480500002654
66 1.3088878999988083
52 0.0001861000018834602
42 0.00850440000067465
52 0.2763061000005109
16 0.0001229999979841523
58 0.13069330000143964
66 0.035845400001562666
30 9.620000128052197e-05
52 0.001731399999698624
60 0.0009189999982481822
52 0.0005691000005754177
66 0.437132200000633
30 0.0019510999991325662
46 0.00036130000080447644
82 0.7271228999998129
74 0.04634770000120625
48 0.00013549999857787043
54 0.011783400001149857
50 0.0005984999988868367
34 0.0003495999990263954
46 0.07411669999783044
60 0.00036220000038156286
54 0.018918400000984548
20 9.079999654204585e-05
36 0.0060338000002957415
40 0.0013445000004139729
22 0.00015669999993406236
74 0.2503467999995337
58 0.08618049999859068
68 0.008108900001388974
72 0.000362000002496643
48 0.00015419999908772297
66 0.8147348000020429
54 0.18199680000179796
24 0.0002144999998563435
54 0.0010702999970817473
52 12.915533600000344
74 1.1852250999982061
52 0.0358803999988595
82 0.08695399999851361
58 0.07722310000099242
46 0.001931200000399258
50 0.0009269999973184895
50 0.0017192999985127244
44 0.00015920000078040175
34 0.0007412000013573561
36 0.00015699999858043157
54 0.0015835000012884848
66 0.09243100000094273
76 6.664906899997732
74 0.36473299999852316
32 0.00022509999689646065
36 0.00015830000120331533
74 3.452928599999723
72 0.7855402999994112
56 0.0008152000009431504
80 0.6000581000007514
48 0.0019332000010763295
58 0.003623900000093272
54 0.04324869999982184
46 0.0045372000022325665
42 0.0006313000012596603
60 1.96353900000031
54 0.010623499998473562
54 1.297596300002624
44 0.019216400000004796
56 0.0025807999991229735
48 0.0008051000004343223
28 0.002195900000515394
22 0.00010309999925084412
48 0.0022529999987455085
58 0.8035984999987704
42 0.0016743000014685094
34 0.00043820000064442866
68 0.8930216999979166
52 0.0023427999985869974
54 0.0016766000007919502
50 0.012734999996609986
74 0.009356400001706788
36 0.005110499998409068
44 0.0024576000032539014
68 0.20835040000019944
52 0.003885200003423961
42 0.0003630999999586493
76 2.6855969999996887
44 0.010880800000450108
54 1.208208399999421
70 1.3057414000031713
62 0.0015522000030614436
74 4.647065600001952
46 0.002108000000589527
74 0.566279200000281
22 0.0001522999991721008
72 0.35886329999993904
62 0.0031025999996927567
48 0.0006184000012581237
64 0.38331400000242866
62 0.6357658000015363
32 0.00023810000129742548
46 0.0061038000021653716
52 0.00018279999858350493
72 0.0006938000005902722
38 0.004781700001331046
62 0.04091160000098171
64 13.711665099999664
78 0.9704755999991903
64 0.17573350000020582
56 0.13398419999793987
46 0.0003842000005533919
74 0.10073919999922509
84 1.0351287000012235
66 0.035095800001727184
68 0.6048143000007258
66 0.4299365000006219
50 0.03338140000050771
42 0.0060142000002088025
70 0.29764219999924535
58 0.014781000001676148
