50
10 10
1 1
4
4 9
8 5
5 7
8 6
10 10
1 1
4
4 4
9 8
2 3
1 4
10 10
1 1
4
1 3
8 4
3 4
3 6
10 10
1 1
4
1 6
2 8
5 8
5 9
10 10
1 1
4
2 7
3 5
9 6
9 2
10 10
1 1
4
9 5
1 9
1 9
1 3
10 10
1 1
4
9 1
1 4
3 7
9 3
10 10
1 1
4
1 8
9 9
8 4
8 6
10 10
1 1
4
4 1
9 4
4 5
5 6
10 10
1 1
4
9 1
3 5
1 2
1 9
10 10
1 1
4
6 3
8 2
5 5
1 4
10 10
1 1
4
7 8
6 3
2 3
1 3
10 10
1 1
4
1 6
7 4
3 6
5 6
10 10
1 1
4
2 6
7 4
9 5
1 9
10 10
1 1
4
9 1
4 5
5 3
5 4
10 10
1 1
4
4 8
7 1
2 9
3 7
10 10
1 1
4
4 3
2 3
9 9
1 5
10 10
1 1
4
2 6
8 8
1 3
7 9
10 10
1 1
4
1 7
6 1
5 3
2 6
10 10
1 1
4
9 7
8 3
2 2
6 7
10 10
1 1
4
7 3
7 1
7 7
7 1
10 10
1 1
4
2 5
6 6
5 7
6 1
10 10
1 1
4
7 3
1 5
4 1
4 2
10 10
1 1
4
7 5
4 3
8 7
4 3
10 10
1 1
4
1 5
9 3
7 6
2 1
10 10
1 1
4
8 1
5 3
2 9
9 8
10 10
1 1
4
1 4
6 6
7 2
3 9
10 10
1 1
4
3 4
6 4
5 4
7 3
10 10
1 1
4
7 9
1 5
4 6
5 5
10 10
1 1
4
6 8
6 3
4 6
9 8
10 10
1 1
4
5 3
3 7
4 1
3 6
10 10
1 1
4
3 3
1 1
4 7
9 7
10 10
1 1
4
5 9
4 9
4 3
4 2
10 10
1 1
4
4 1
8 2
8 2
3 5
10 10
1 1
4
1 3
1 3
5 6
7 6
10 10
1 1
4
1 2
2 7
3 8
1 4
10 10
1 1
4
6 9
3 8
2 9
9 4
10 10
1 1
4
3 8
8 9
9 8
8 9
10 10
1 1
4
1 4
3 1
4 7
4 2
10 10
1 1
4
2 3
9 7
9 1
7 8
10 10
1 1
4
9 7
3 8
7 4
8 6
10 10
1 1
4
8 3
4 5
7 1
5 7
10 10
1 1
4
9 8
4 9
3 2
7 4
10 10
1 1
4
5 5
2 3
7 7
9 2
10 10
1 1
4
2 7
7 5
7 1
6 8
10 10
1 1
4
3 8
1 7
3 7
4 2
10 10
1 1
4
4 5
5 8
8 3
9 8
10 10
1 1
4
3 1
3 9
8 8
7 1
10 10
1 1
4
7 1
3 3
8 2
6 1
10 10
1 1
4
1 6
3 5
2 1
8 9
